-0.003500 -0.006500 5.813953488372093e+07
-0.002500 -0.006500 5.813953488372093e+07
-0.001500 -0.006500 5.813953488372093e+07
-0.000500 -0.006500 5.813953488372093e+07
0.000500 -0.006500 5.813953488372093e+07
0.001500 -0.006500 5.813953488372093e+07
0.002500 -0.006500 5.813953488372093e+07
0.003500 -0.006500 5.813953488372093e+07
-0.004500 -0.005500 5.813953488372093e+07
-0.003500 -0.005500 5.813953488372093e+07
-0.002500 -0.005500 5.813953488372093e+07
-0.001500 -0.005500 5.813953488372093e+07
-0.000500 -0.005500 5.813953488372093e+07
0.000500 -0.005500 5.813953488372093e+07
0.001500 -0.005500 5.813953488372093e+07
0.002500 -0.005500 5.813953488372093e+07
0.003500 -0.005500 5.813953488372093e+07
0.004500 -0.005500 5.813953488372093e+07
-0.005500 -0.004500 5.813953488372093e+07
-0.004500 -0.004500 5.813953488372093e+07
-0.003500 -0.004500 5.813953488372093e+07
-0.002500 -0.004500 5.813953488372093e+07
-0.001500 -0.004500 5.813953488372093e+07
-0.000500 -0.004500 5.813953488372093e+07
0.000500 -0.004500 5.813953488372093e+07
0.001500 -0.004500 5.813953488372093e+07
0.002500 -0.004500 5.813953488372093e+07
0.003500 -0.004500 5.813953488372093e+07
0.004500 -0.004500 5.813953488372093e+07
0.005500 -0.004500 5.813953488372093e+07
-0.006500 -0.003500 5.813953488372093e+07
-0.005500 -0.003500 5.813953488372093e+07
-0.004500 -0.003500 5.813953488372093e+07
-0.003500 -0.003500 5.813953488372093e+07
-0.002500 -0.003500 5.813953488372093e+07
-0.001500 -0.003500 5.813953488372093e+07
-0.000500 -0.003500 5.813953488372093e+07
0.000500 -0.003500 5.813953488372093e+07
0.001500 -0.003500 5.813953488372093e+07
0.002500 -0.003500 5.813953488372093e+07
0.003500 -0.003500 5.813953488372093e+07
0.004500 -0.003500 5.813953488372093e+07
0.005500 -0.003500 5.813953488372093e+07
0.006500 -0.003500 5.813953488372093e+07
-0.006500 -0.002500 5.813953488372093e+07
-0.005500 -0.002500 5.813953488372093e+07
-0.004500 -0.002500 5.813953488372093e+07
-0.003500 -0.002500 5.813953488372093e+07
-0.002500 -0.002500 5.813953488372093e+07
-0.001500 -0.002500 5.813953488372093e+07
-0.000500 -0.002500 5.813953488372093e+07
0.000500 -0.002500 5.813953488372093e+07
0.001500 -0.002500 5.813953488372093e+07
0.002500 -0.002500 5.813953488372093e+07
0.003500 -0.002500 5.813953488372093e+07
0.004500 -0.002500 5.813953488372093e+07
0.005500 -0.002500 5.813953488372093e+07
0.006500 -0.002500 5.813953488372093e+07
-0.006500 -0.001500 5.813953488372093e+07
-0.005500 -0.001500 5.813953488372093e+07
-0.004500 -0.001500 5.813953488372093e+07
-0.003500 -0.001500 5.813953488372093e+07
-0.002500 -0.001500 5.813953488372093e+07
-0.001500 -0.001500 5.813953488372093e+07
-0.000500 -0.001500 5.813953488372093e+07
0.000500 -0.001500 5.813953488372093e+07
0.001500 -0.001500 5.813953488372093e+07
0.002500 -0.001500 5.813953488372093e+07
0.003500 -0.001500 5.813953488372093e+07
0.004500 -0.001500 5.813953488372093e+07
0.005500 -0.001500 5.813953488372093e+07
0.006500 -0.001500 5.813953488372093e+07
-0.006500 -0.000500 5.813953488372093e+07
-0.005500 -0.000500 5.813953488372093e+07
-0.004500 -0.000500 5.813953488372093e+07
-0.003500 -0.000500 5.813953488372093e+07
-0.002500 -0.000500 5.813953488372093e+07
-0.001500 -0.000500 5.813953488372093e+07
-0.000500 -0.000500 5.813953488372093e+07
0.000500 -0.000500 5.813953488372093e+07
0.001500 -0.000500 5.813953488372093e+07
0.002500 -0.000500 5.813953488372093e+07
0.003500 -0.000500 5.813953488372093e+07
0.004500 -0.000500 5.813953488372093e+07
0.005500 -0.000500 5.813953488372093e+07
0.006500 -0.000500 5.813953488372093e+07
-0.006500 0.000500 5.813953488372093e+07
-0.005500 0.000500 5.813953488372093e+07
-0.004500 0.000500 5.813953488372093e+07
-0.003500 0.000500 5.813953488372093e+07
-0.002500 0.000500 5.813953488372093e+07
-0.001500 0.000500 5.813953488372093e+07
-0.000500 0.000500 5.813953488372093e+07
0.000500 0.000500 5.813953488372093e+07
0.001500 0.000500 5.813953488372093e+07
0.002500 0.000500 5.813953488372093e+07
0.003500 0.000500 5.813953488372093e+07
0.004500 0.000500 5.813953488372093e+07
0.005500 0.000500 5.813953488372093e+07
0.006500 0.000500 5.813953488372093e+07
-0.006500 0.001500 5.813953488372093e+07
-0.005500 0.001500 5.813953488372093e+07
-0.004500 0.001500 5.813953488372093e+07
-0.003500 0.001500 5.813953488372093e+07
-0.002500 0.001500 5.813953488372093e+07
-0.001500 0.001500 5.813953488372093e+07
-0.000500 0.001500 5.813953488372093e+07
0.000500 0.001500 5.813953488372093e+07
0.001500 0.001500 5.813953488372093e+07
0.002500 0.001500 5.813953488372093e+07
0.003500 0.001500 5.813953488372093e+07
0.004500 0.001500 5.813953488372093e+07
0.005500 0.001500 5.813953488372093e+07
0.006500 0.001500 5.813953488372093e+07
-0.006500 0.002500 5.813953488372093e+07
-0.005500 0.002500 5.813953488372093e+07
-0.004500 0.002500 5.813953488372093e+07
-0.003500 0.002500 5.813953488372093e+07
-0.002500 0.002500 5.813953488372093e+07
-0.001500 0.002500 5.813953488372093e+07
-0.000500 0.002500 5.813953488372093e+07
0.000500 0.002500 5.813953488372093e+07
0.001500 0.002500 5.813953488372093e+07
0.002500 0.002500 5.813953488372093e+07
0.003500 0.002500 5.813953488372093e+07
0.004500 0.002500 5.813953488372093e+07
0.005500 0.002500 5.813953488372093e+07
0.006500 0.002500 5.813953488372093e+07
-0.006500 0.003500 5.813953488372093e+07
-0.005500 0.003500 5.813953488372093e+07
-0.004500 0.003500 5.813953488372093e+07
-0.003500 0.003500 5.813953488372093e+07
-0.002500 0.003500 5.813953488372093e+07
-0.001500 0.003500 5.813953488372093e+07
-0.000500 0.003500 5.813953488372093e+07
0.000500 0.003500 5.813953488372093e+07
0.001500 0.003500 5.813953488372093e+07
0.002500 0.003500 5.813953488372093e+07
0.003500 0.003500 5.813953488372093e+07
0.004500 0.003500 5.813953488372093e+07
0.005500 0.003500 5.813953488372093e+07
0.006500 0.003500 5.813953488372093e+07
-0.005500 0.004500 5.813953488372093e+07
-0.004500 0.004500 5.813953488372093e+07
-0.003500 0.004500 5.813953488372093e+07
-0.002500 0.004500 5.813953488372093e+07
-0.001500 0.004500 5.813953488372093e+07
-0.000500 0.004500 5.813953488372093e+07
0.000500 0.004500 5.813953488372093e+07
0.001500 0.004500 5.813953488372093e+07
0.002500 0.004500 5.813953488372093e+07
0.003500 0.004500 5.813953488372093e+07
0.004500 0.004500 5.813953488372093e+07
0.005500 0.004500 5.813953488372093e+07
-0.004500 0.005500 5.813953488372093e+07
-0.003500 0.005500 5.813953488372093e+07
-0.002500 0.005500 5.813953488372093e+07
-0.001500 0.005500 5.813953488372093e+07
-0.000500 0.005500 5.813953488372093e+07
0.000500 0.005500 5.813953488372093e+07
0.001500 0.005500 5.813953488372093e+07
0.002500 0.005500 5.813953488372093e+07
0.003500 0.005500 5.813953488372093e+07
0.004500 0.005500 5.813953488372093e+07
-0.003500 0.006500 5.813953488372093e+07
-0.002500 0.006500 5.813953488372093e+07
-0.001500 0.006500 5.813953488372093e+07
-0.000500 0.006500 5.813953488372093e+07
0.000500 0.006500 5.813953488372093e+07
0.001500 0.006500 5.813953488372093e+07
0.002500 0.006500 5.813953488372093e+07
0.003500 0.006500 5.813953488372093e+07
