0.000000 -1.500000 2.359293913624429e-02
-1.000000 -1.400000 2.401996065907225e-02
-0.900000 -1.400000 2.454756673135245e-02
-0.800000 -1.400000 2.503967597007060e-02
-0.700000 -1.400000 2.549057049534198e-02
-0.600000 -1.400000 2.589468929587789e-02
-0.500000 -1.400000 2.624678025045720e-02
-0.400000 -1.400000 2.654205652827485e-02
-0.300000 -1.400000 2.677634958716251e-02
-0.200000 -1.400000 2.694625028251253e-02
-0.100000 -1.400000 2.704922958295525e-02
0.000000 -1.400000 2.708373115130085e-02
0.100000 -1.400000 2.704922958295525e-02
0.200000 -1.400000 2.694625028251252e-02
0.300000 -1.400000 2.677634958716251e-02
0.400000 -1.400000 2.654205652827484e-02
0.500000 -1.400000 2.624678025045719e-02
0.600000 -1.400000 2.589468929587788e-02
0.700000 -1.400000 2.549057049534197e-02
0.800000 -1.400000 2.503967597007059e-02
0.900000 -1.400000 2.454756673135244e-02
1.000000 -1.400000 2.401996065907223e-02
-1.400000 -1.300000 2.435051057639894e-02
-1.300000 -1.300000 2.512857422795251e-02
-1.200000 -1.300000 2.589468929587789e-02
-1.100000 -1.300000 2.664196389287312e-02
-1.000000 -1.300000 2.736294487451015e-02
-0.900000 -1.300000 2.804972948826932e-02
-0.800000 -1.300000 2.869411516570253e-02
-0.700000 -1.300000 2.928778651395845e-02
-0.600000 -1.300000 2.982253542502792e-02
-0.500000 -1.300000 3.029050673697557e-02
-0.400000 -1.300000 3.068445841419057e-02
-0.300000 -1.300000 3.099802222280273e-02
-0.200000 -1.300000 3.122594885679393e-02
-0.100000 -1.300000 3.136432086059066e-02
0.000000 -1.300000 3.141071778494064e-02
0.100000 -1.300000 3.136432086059066e-02
0.200000 -1.300000 3.122594885679392e-02
0.300000 -1.300000 3.099802222280273e-02
0.400000 -1.300000 3.068445841419057e-02
0.500000 -1.300000 3.029050673697556e-02
0.600000 -1.300000 2.982253542502790e-02
0.700000 -1.300000 2.928778651395843e-02
0.800000 -1.300000 2.869411516570252e-02
0.900000 -1.300000 2.804972948826931e-02
1.000000 -1.300000 2.736294487451012e-02
1.100000 -1.300000 2.664196389287310e-02
1.200000 -1.300000 2.589468929587787e-02
1.300000 -1.300000 2.512857422795249e-02
1.400000 -1.300000 2.435051057639891e-02
-1.800000 -1.200000 2.359293913624429e-02
-1.700000 -1.200000 2.454756673135245e-02
-1.600000 -1.200000 2.552120820026427e-02
-1.500000 -1.200000 2.650892037780259e-02
-1.400000 -1.200000 2.750472179095839e-02
-1.300000 -1.200000 2.850153721157030e-02
-1.200000 -1.200000 2.949117392030539e-02
-1.100000 -1.200000 3.046434034809165e-02
-1.000000 -1.200000 3.141071778494065e-02
-0.900000 -1.200000 3.231909470718400e-02
-0.800000 -1.200000 3.317757066034357e-02
-0.700000 -1.200000 3.397383235619181e-02
-0.600000 -1.200000 3.469549872977105e-02
-0.500000 -1.200000 3.533052449687168e-02
-0.400000 -1.200000 3.586764395712818e-02
-0.300000 -1.200000 3.629682944037586e-02
-0.200000 -1.200000 3.660973314244807e-02
-0.100000 -1.200000 3.680007837542441e-02
0.000000 -1.200000 3.686396740038174e-02
0.100000 -1.200000 3.680007837542441e-02
0.200000 -1.200000 3.660973314244807e-02
0.300000 -1.200000 3.629682944037586e-02
0.400000 -1.200000 3.586764395712817e-02
0.500000 -1.200000 3.533052449687168e-02
0.600000 -1.200000 3.469549872977103e-02
0.700000 -1.200000 3.397383235619179e-02
0.800000 -1.200000 3.317757066034355e-02
0.900000 -1.200000 3.231909470718396e-02
1.000000 -1.200000 3.141071778494062e-02
1.100000 -1.200000 3.046434034809162e-02
1.200000 -1.200000 2.949117392030536e-02
1.300000 -1.200000 2.850153721157027e-02
1.400000 -1.200000 2.750472179095835e-02
1.500000 -1.200000 2.650892037780256e-02
1.600000 -1.200000 2.552120820026424e-02
1.700000 -1.200000 2.454756673135242e-02
1.800000 -1.200000 2.359293913624426e-02
-2.000000 -1.100000 2.401996065907225e-02
-1.900000 -1.100000 2.512857422795250e-02
-1.800000 -1.100000 2.627926388938103e-02
-1.700000 -1.100000 2.746914000338923e-02
-1.600000 -1.100000 2.869411516570253e-02
-1.500000 -1.100000 2.994872386829320e-02
-1.400000 -1.100000 3.122594885679394e-02
-1.300000 -1.100000 3.251706772223566e-02
-1.200000 -1.100000 3.381153697869409e-02
-1.100000 -1.100000 3.509693425226428e-02
-1.000000 -1.100000 3.635898154558200e-02
-0.900000 -1.100000 3.758167296038919e-02
-0.800000 -1.100000 3.874752777850345e-02
-0.700000 -1.100000 3.983798353211988e-02
-0.600000 -1.100000 4.083393312042286e-02
-0.500000 -1.100000 4.171639532931217e-02
-0.400000 -1.100000 4.246729044523980e-02
-0.300000 -1.100000 4.307027428523306e-02
-0.200000 -1.100000 4.351156807913913e-02
-0.100000 -1.100000 4.378071179921628e-02
0.000000 -1.100000 4.387116781533036e-02
0.100000 -1.100000 4.378071179921628e-02
0.200000 -1.100000 4.351156807913911e-02
0.300000 -1.100000 4.307027428523304e-02
0.400000 -1.100000 4.246729044523977e-02
0.500000 -1.100000 4.171639532931213e-02
0.600000 -1.100000 4.083393312042285e-02
0.700000 -1.100000 3.983798353211986e-02
0.800000 -1.100000 3.874752777850342e-02
0.900000 -1.100000 3.758167296038915e-02
1.000000 -1.100000 3.635898154558197e-02
1.100000 -1.100000 3.509693425226424e-02
1.200000 -1.100000 3.381153697869405e-02
1.300000 -1.100000 3.251706772223561e-02
1.400000 -1.100000 3.122594885679390e-02
1.500000 -1.100000 2.994872386829316e-02
1.600000 -1.100000 2.869411516570250e-02
1.700000 -1.100000 2.746914000338919e-02
1.800000 -1.100000 2.627926388938099e-02
1.900000 -1.100000 2.512857422795248e-02
2.000000 -1.100000 2.401996065907221e-02
-2.200000 -1.000000 2.401996065907224e-02
-2.100000 -1.000000 2.524809182237796e-02
-2.000000 -1.000000 2.654205652827484e-02
-1.900000 -1.000000 2.790229332801560e-02
-1.800000 -1.000000 2.932823925776225e-02
-1.700000 -1.000000 3.081806273239460e-02
-1.600000 -1.000000 3.236836161984738e-02
-1.500000 -1.000000 3.397383235619181e-02
-1.400000 -1.000000 3.562692151446290e-02
-1.300000 -1.000000 3.731747842288205e-02
-1.200000 -1.000000 3.903243607099245e-02
-1.100000 -1.000000 4.075555704917446e-02
-1.000000 -1.000000 4.246729044523980e-02
-0.900000 -1.000000 4.414479256261934e-02
-0.800000 -1.000000 4.576216642806012e-02
-0.700000 -1.000000 4.729096931541180e-02
-0.600000 -1.000000 4.870102115279793e-02
-0.500000 -1.000000 4.996151817087036e-02
-0.400000 -1.000000 5.104241640052862e-02
-0.300000 -1.000000 5.191600298929072e-02
-0.200000 -1.000000 5.255852777876215e-02
-0.100000 -1.000000 5.295173372224415e-02
0.000000 -1.000000 5.308411305654974e-02
0.100000 -1.000000 5.295173372224413e-02
0.200000 -1.000000 5.255852777876212e-02
0.300000 -1.000000 5.191600298929069e-02
0.400000 -1.000000 5.104241640052858e-02
0.500000 -1.000000 4.996151817087031e-02
0.600000 -1.000000 4.870102115279788e-02
0.700000 -1.000000 4.729096931541176e-02
0.800000 -1.000000 4.576216642806007e-02
0.900000 -1.000000 4.414479256261929e-02
1.000000 -1.000000 4.246729044523975e-02
1.100000 -1.000000 4.075555704917441e-02
1.200000 -1.000000 3.903243607099240e-02
1.300000 -1.000000 3.731747842288199e-02
1.400000 -1.000000 3.562692151446285e-02
1.500000 -1.000000 3.397383235619176e-02
1.600000 -1.000000 3.236836161984732e-02
1.700000 -1.000000 3.081806273239454e-02
1.800000 -1.000000 2.932823925776221e-02
1.900000 -1.000000 2.790229332801555e-02
2.000000 -1.000000 2.654205652827480e-02
2.100000 -1.000000 2.524809182237792e-02
2.200000 -1.000000 2.401996065907220e-02
-2.400000 -0.900000 2.359293913624428e-02
-2.300000 -0.900000 2.489290178501742e-02
-2.200000 -0.900000 2.627926388938102e-02
-2.100000 -0.900000 2.775639898381682e-02
-2.000000 -0.900000 2.932823925776225e-02
-1.900000 -0.900000 3.099802222280273e-02
-1.800000 -0.900000 3.276797102256153e-02
-1.700000 -0.900000 3.463889922123960e-02
-1.600000 -0.900000 3.660973314244807e-02
-1.500000 -0.900000 3.867694940367921e-02
-1.400000 -0.900000 4.083393312042286e-02
-1.300000 -0.900000 4.307027428523304e-02
-1.200000 -0.900000 4.537103680046985e-02
-1.100000 -0.900000 4.771605668004472e-02
-1.000000 -0.900000 5.007935194014128e-02
-0.900000 -0.900000 5.242875363609853e-02
-0.800000 -0.900000 5.472588974902037e-02
-0.700000 -0.900000 5.692666279522764e-02
-0.600000 -0.900000 5.898234784061085e-02
-0.500000 -0.900000 6.084139032269315e-02
-0.400000 -0.900000 6.245189771358797e-02
-0.300000 -0.900000 6.376470036822796e-02
-0.200000 -0.900000 6.473672323969486e-02
-0.100000 -0.900000 6.533429299267664e-02
0.000000 -0.900000 6.553594204512317e-02
0.100000 -0.900000 6.533429299267662e-02
0.200000 -0.900000 6.473672323969482e-02
0.300000 -0.900000 6.376470036822793e-02
0.400000 -0.900000 6.245189771358793e-02
0.500000 -0.900000 6.084139032269310e-02
0.600000 -0.900000 5.898234784061081e-02
0.700000 -0.900000 5.692666279522756e-02
0.800000 -0.900000 5.472588974902030e-02
0.900000 -0.900000 5.242875363609846e-02
1.000000 -0.900000 5.007935194014121e-02
1.100000 -0.900000 4.771605668004464e-02
1.200000 -0.900000 4.537103680046978e-02
1.300000 -0.900000 4.307027428523297e-02
1.400000 -0.900000 4.083393312042279e-02
1.500000 -0.900000 3.867694940367913e-02
1.600000 -0.900000 3.660973314244800e-02
1.700000 -0.900000 3.463889922123954e-02
1.800000 -0.900000 3.276797102256147e-02
1.900000 -0.900000 3.099802222280267e-02
2.000000 -0.900000 2.932823925776221e-02
2.100000 -0.900000 2.775639898381677e-02
2.200000 -0.900000 2.627926388938097e-02
2.300000 -0.900000 2.489290178501738e-02
2.400000 -0.900000 2.359293913624425e-02
-2.500000 -0.800000 2.410175394167974e-02
-2.400000 -0.800000 2.552120820026425e-02
-2.300000 -0.800000 2.704922958295524e-02
-2.200000 -0.800000 2.869411516570252e-02
-2.100000 -0.800000 3.046434034809163e-02
-2.000000 -0.800000 3.236836161984736e-02
-1.900000 -0.800000 3.441433585513756e-02
-1.800000 -0.800000 3.660973314244805e-02
-1.700000 -0.800000 3.896081692223831e-02
-1.600000 -0.800000 4.147196332542946e-02
-1.500000 -0.800000 4.414479256261930e-02
-1.400000 -0.800000 4.697709120048649e-02
-1.300000 -0.800000 4.996151817087036e-02
-1.200000 -0.800000 5.308411305654975e-02
-1.100000 -0.800000 5.632266637299711e-02
-1.000000 -0.800000 5.964507085005592e-02
-0.900000 -0.800000 6.300784932528164e-02
-0.800000 -0.800000 6.635514132068722e-02
-0.700000 -0.800000 6.961850892662269e-02
-0.600000 -0.800000 7.271796309116410e-02
-0.500000 -0.800000 7.556457374597837e-02
-0.400000 -0.800000 7.806487214198500e-02
-0.300000 -0.800000 8.012696310422611e-02
-0.200000 -0.800000 8.166786624084585e-02
-0.100000 -0.800000 8.262118763665340e-02
0.000000 -0.800000 8.294392665085905e-02
0.100000 -0.800000 8.262118763665337e-02
0.200000 -0.800000 8.166786624084582e-02
0.300000 -0.800000 8.012696310422607e-02
0.400000 -0.800000 7.806487214198493e-02
0.500000 -0.800000 7.556457374597826e-02
0.600000 -0.800000 7.271796309116400e-02
0.700000 -0.800000 6.961850892662258e-02
0.800000 -0.800000 6.635514132068714e-02
0.900000 -0.800000 6.300784932528153e-02
1.000000 -0.800000 5.964507085005581e-02
1.100000 -0.800000 5.632266637299699e-02
1.200000 -0.800000 5.308411305654964e-02
1.300000 -0.800000 4.996151817087024e-02
1.400000 -0.800000 4.697709120048639e-02
1.500000 -0.800000 4.414479256261920e-02
1.600000 -0.800000 4.147196332542938e-02
1.700000 -0.800000 3.896081692223823e-02
1.800000 -0.800000 3.660973314244798e-02
1.900000 -0.800000 3.441433585513749e-02
2.000000 -0.800000 3.236836161984730e-02
2.100000 -0.800000 3.046434034809156e-02
2.200000 -0.800000 2.869411516570246e-02
2.300000 -0.800000 2.704922958295519e-02
2.400000 -0.800000 2.552120820026420e-02
2.500000 -0.800000 2.410175394167970e-02
-2.600000 -0.700000 2.435051057639891e-02
-2.500000 -0.700000 2.586314887042613e-02
-2.400000 -0.700000 2.750472179095835e-02
-2.300000 -0.700000 2.928778651395842e-02
-2.200000 -0.700000 3.122594885679390e-02
-2.100000 -0.700000 3.333382295544719e-02
-2.000000 -0.700000 3.562692151446286e-02
-1.900000 -0.700000 3.812144564204644e-02
-1.800000 -0.700000 4.083393312042283e-02
-1.700000 -0.700000 4.378071179921624e-02
-1.600000 -0.700000 4.697709120048647e-02
-1.500000 -0.700000 5.043621193021351e-02
-1.400000 -0.700000 5.416746230260176e-02
-1.300000 -0.700000 5.817437047293121e-02
-1.200000 -0.700000 6.245189771358795e-02
-1.100000 -0.700000 6.698310795779150e-02
-1.000000 -0.700000 7.173528791425646e-02
-0.900000 -0.700000 7.665575892642568e-02
-0.800000 -0.700000 8.166786624084582e-02
-0.700000 -0.700000 8.666793968416293e-02
-0.600000 -0.700000 9.152433285612034e-02
-0.500000 -0.700000 9.607984263628924e-02
-0.400000 -0.700000 1.001587038802827e-01
-0.300000 -0.700000 1.035787571835118e-01
-0.200000 -0.700000 1.061682261130996e-01
-0.100000 -0.700000 1.077850011300504e-01
0.000000 -0.700000 1.083349246052037e-01
0.100000 -0.700000 1.077850011300504e-01
0.200000 -0.700000 1.061682261130996e-01
0.300000 -0.700000 1.035787571835117e-01
0.400000 -0.700000 1.001587038802826e-01
0.500000 -0.700000 9.607984263628910e-02
0.600000 -0.700000 9.152433285612020e-02
0.700000 -0.700000 8.666793968416280e-02
0.800000 -0.700000 8.166786624084570e-02
0.900000 -0.700000 7.665575892642552e-02
1.000000 -0.700000 7.173528791425629e-02
1.100000 -0.700000 6.698310795779136e-02
1.200000 -0.700000 6.245189771358781e-02
1.300000 -0.700000 5.817437047293109e-02
1.400000 -0.700000 5.416746230260164e-02
1.500000 -0.700000 5.043621193021338e-02
1.600000 -0.700000 4.697709120048636e-02
1.700000 -0.700000 4.378071179921614e-02
1.800000 -0.700000 4.083393312042273e-02
1.900000 -0.700000 3.812144564204636e-02
2.000000 -0.700000 3.562692151446278e-02
2.100000 -0.700000 3.333382295544712e-02
2.200000 -0.700000 3.122594885679385e-02
2.300000 -0.700000 2.928778651395837e-02
2.400000 -0.700000 2.750472179095830e-02
2.500000 -0.700000 2.586314887042608e-02
2.600000 -0.700000 2.435051057639885e-02
-2.700000 -0.600000 2.432261766623121e-02
-2.600000 -0.600000 2.589468929587785e-02
-2.500000 -0.600000 2.761202239612463e-02
-2.400000 -0.600000 2.949117392030535e-02
-2.300000 -0.600000 3.155073584341731e-02
-2.200000 -0.600000 3.381153697869404e-02
-2.100000 -0.600000 3.629682944037583e-02
-2.000000 -0.600000 3.903243607099240e-02
-1.900000 -0.600000 4.204682222300964e-02
-1.800000 -0.600000 4.537103680046982e-02
-1.700000 -0.600000 4.903844162267870e-02
-1.600000 -0.600000 5.308411305654971e-02
-1.500000 -0.600000 5.754375399083981e-02
-1.400000 -0.600000 6.245189771358793e-02
-1.300000 -0.600000 6.783912211699648e-02
-1.200000 -0.600000 7.372793480076355e-02
-1.100000 -0.600000 8.012696310422608e-02
-1.000000 -0.600000 8.702313615827834e-02
-0.900000 -0.600000 9.437175654497744e-02
-0.800000 -0.600000 1.020848328010573e-01
-0.700000 -0.600000 1.100188871638338e-01
-0.600000 -0.600000 1.179646956812219e-01
-0.500000 -0.600000 1.256428711397629e-01
-0.400000 -0.600000 1.327102826413746e-01
-0.300000 -0.600000 1.387819949190846e-01
-0.200000 -0.600000 1.434705758285131e-01
-0.100000 -0.600000 1.464389325697927e-01
0.000000 -0.600000 1.474558696015273e-01
0.100000 -0.600000 1.464389325697926e-01
0.200000 -0.600000 1.434705758285130e-01
0.300000 -0.600000 1.387819949190844e-01
0.400000 -0.600000 1.327102826413744e-01
0.500000 -0.600000 1.256428711397627e-01
0.600000 -0.600000 1.179646956812216e-01
0.700000 -0.600000 1.100188871638336e-01
0.800000 -0.600000 1.020848328010571e-01
0.900000 -0.600000 9.437175654497718e-02
1.000000 -0.600000 8.702313615827813e-02
1.100000 -0.600000 8.012696310422587e-02
1.200000 -0.600000 7.372793480076335e-02
1.300000 -0.600000 6.783912211699629e-02
1.400000 -0.600000 6.245189771358776e-02
1.500000 -0.600000 5.754375399083965e-02
1.600000 -0.600000 5.308411305654957e-02
1.700000 -0.600000 4.903844162267856e-02
1.800000 -0.600000 4.537103680046971e-02
1.900000 -0.600000 4.204682222300954e-02
2.000000 -0.600000 3.903243607099231e-02
2.100000 -0.600000 3.629682944037575e-02
2.200000 -0.600000 3.381153697869396e-02
2.300000 -0.600000 3.155073584341724e-02
2.400000 -0.600000 2.949117392030528e-02
2.500000 -0.600000 2.761202239612458e-02
2.600000 -0.600000 2.589468929587781e-02
2.700000 -0.600000 2.432261766623115e-02
-2.800000 -0.500000 2.401996065907221e-02
-2.700000 -0.500000 2.561356480412526e-02
-2.600000 -0.500000 2.736294487451011e-02
-2.500000 -0.500000 2.928778651395840e-02
-2.400000 -0.500000 3.141071778494060e-02
-2.300000 -0.500000 3.375778254788529e-02
-2.200000 -0.500000 3.635898154558194e-02
-2.100000 -0.500000 3.924888211205149e-02
-2.000000 -0.500000 4.246729044523973e-02
-1.900000 -0.500000 4.605996794494548e-02
-1.800000 -0.500000 5.007935194014121e-02
-1.700000 -0.500000 5.458520622781460e-02
-1.600000 -0.500000 5.964507085005583e-02
-1.500000 -0.500000 6.533429299267658e-02
-1.400000 -0.500000 7.173528791425640e-02
-1.300000 -0.500000 7.893548409895873e-02
-1.200000 -0.500000 8.702313615827832e-02
-1.100000 -0.500000 9.607984263628921e-02
-1.000000 -0.500000 1.061682261130996e-01
-0.900000 -0.500000 1.173129570310494e-01
-0.800000 -0.500000 1.294734464793898e-01
-0.700000 -0.500000 1.425076860578520e-01
-0.600000 -0.500000 1.561297442839702e-01
-0.500000 -0.500000 1.698691617809597e-01
-0.400000 -0.500000 1.830486657122410e-01
-0.300000 -0.500000 1.948040846111923e-01
-0.200000 -0.500000 2.041696656021150e-01
-0.100000 -0.500000 2.102341111150491e-01
0.000000 -0.500000 2.123364522261996e-01
0.100000 -0.500000 2.102341111150491e-01
0.200000 -0.500000 2.041696656021147e-01
0.300000 -0.500000 1.948040846111920e-01
0.400000 -0.500000 1.830486657122407e-01
0.500000 -0.500000 1.698691617809593e-01
0.600000 -0.500000 1.561297442839698e-01
0.700000 -0.500000 1.425076860578516e-01
0.800000 -0.500000 1.294734464793895e-01
0.900000 -0.500000 1.173129570310490e-01
1.000000 -0.500000 1.061682261130993e-01
1.100000 -0.500000 9.607984263628891e-02
1.200000 -0.500000 8.702313615827802e-02
1.300000 -0.500000 7.893548409895848e-02
1.400000 -0.500000 7.173528791425619e-02
1.500000 -0.500000 6.533429299267636e-02
1.600000 -0.500000 5.964507085005567e-02
1.700000 -0.500000 5.458520622781442e-02
1.800000 -0.500000 5.007935194014106e-02
1.900000 -0.500000 4.605996794494534e-02
2.000000 -0.500000 4.246729044523961e-02
2.100000 -0.500000 3.924888211205138e-02
2.200000 -0.500000 3.635898154558186e-02
2.300000 -0.500000 3.375778254788522e-02
2.400000 -0.500000 3.141071778494053e-02
2.500000 -0.500000 2.928778651395834e-02
2.600000 -0.500000 2.736294487451005e-02
2.700000 -0.500000 2.561356480412520e-02
2.800000 -0.500000 2.401996065907216e-02
-2.800000 -0.400000 2.503967597007056e-02
-2.700000 -0.400000 2.677634958716246e-02
-2.600000 -0.400000 2.869411516570248e-02
-2.500000 -0.400000 3.081806273239454e-02
-2.400000 -0.400000 3.317757066034351e-02
-2.300000 -0.400000 3.580715889143313e-02
-2.200000 -0.400000 3.874752777850338e-02
-2.100000 -0.400000 4.204682222300960e-02
-2.000000 -0.400000 4.576216642806003e-02
-1.900000 -0.400000 4.996151817087027e-02
-1.800000 -0.400000 5.472588974902027e-02
-1.700000 -0.400000 6.015196946917810e-02
-1.600000 -0.400000 6.635514132068711e-02
-1.500000 -0.400000 7.347282083951516e-02
-1.400000 -0.400000 8.166786624084572e-02
-1.300000 -0.400000 9.113152456060042e-02
-1.200000 -0.400000 1.020848328010572e-01
-1.100000 -0.400000 1.147764606628104e-01
-1.000000 -0.400000 1.294734464793898e-01
-0.900000 -0.400000 1.464389325697927e-01
-0.800000 -0.400000 1.658878533017183e-01
-0.700000 -0.400000 1.879083648019465e-01
-0.600000 -0.400000 2.123364522261997e-01
-0.500000 -0.400000 2.385802834002245e-01
-0.400000 -0.400000 2.654205652827498e-01
-0.300000 -0.400000 2.908718523646575e-01
-0.200000 -0.400000 3.122594885679412e-01
-0.100000 -0.400000 3.266714649633846e-01
0.000000 -0.400000 3.317757066034374e-01
0.100000 -0.400000 3.266714649633843e-01
0.200000 -0.400000 3.122594885679406e-01
0.300000 -0.400000 2.908718523646567e-01
0.400000 -0.400000 2.654205652827490e-01
0.500000 -0.400000 2.385802834002236e-01
0.600000 -0.400000 2.123364522261989e-01
0.700000 -0.400000 1.879083648019458e-01
0.800000 -0.400000 1.658878533017177e-01
0.900000 -0.400000 1.464389325697921e-01
1.000000 -0.400000 1.294734464793893e-01
1.100000 -0.400000 1.147764606628099e-01
1.200000 -0.400000 1.020848328010569e-01
1.300000 -0.400000 9.113152456060009e-02
1.400000 -0.400000 8.166786624084545e-02
1.500000 -0.400000 7.347282083951491e-02
1.600000 -0.400000 6.635514132068690e-02
1.700000 -0.400000 6.015196946917792e-02
1.800000 -0.400000 5.472588974902011e-02
1.900000 -0.400000 4.996151817087012e-02
2.000000 -0.400000 4.576216642805992e-02
2.100000 -0.400000 4.204682222300950e-02
2.200000 -0.400000 3.874752777850327e-02
2.300000 -0.400000 3.580715889143305e-02
2.400000 -0.400000 3.317757066034343e-02
2.500000 -0.400000 3.081806273239447e-02
2.600000 -0.400000 2.869411516570242e-02
2.700000 -0.400000 2.677634958716241e-02
2.800000 -0.400000 2.503967597007051e-02
-2.900000 -0.300000 2.421168212385386e-02
-2.800000 -0.300000 2.589468929587784e-02
-2.700000 -0.300000 2.775639898381677e-02
-2.600000 -0.300000 2.982253542502786e-02
-2.500000 -0.300000 3.212351773467449e-02
-2.400000 -0.300000 3.469549872977098e-02
-2.300000 -0.300000 3.758167296038911e-02
-2.200000 -0.300000 4.083393312042279e-02
-2.100000 -0.300000 4.451497950234769e-02
-2.000000 -0.300000 4.870102115279783e-02
-1.900000 -0.300000 5.348525244992409e-02
-1.800000 -0.300000 5.898234784061073e-02
-1.700000 -0.300000 6.533429299267650e-02
-1.600000 -0.300000 7.271796309116396e-02
-1.500000 -0.300000 8.135496253877347e-02
-1.400000 -0.300000 9.152433285612020e-02
-1.300000 -0.300000 1.035787571835117e-01
-1.200000 -0.300000 1.179646956812217e-01
-1.100000 -0.300000 1.352461479147765e-01
-1.000000 -0.300000 1.561297442839701e-01
-0.900000 -0.300000 1.814841472018798e-01
-0.800000 -0.300000 2.123364522261995e-01
-0.700000 -0.300000 2.498075908543525e-01
-0.600000 -0.300000 2.949117392030553e-01
-0.500000 -0.300000 3.480925446331147e-01
-0.400000 -0.300000 4.083393312042312e-01
-0.300000 -0.300000 4.718587827248897e-01
-0.200000 -0.300000 5.308411305655012e-01
-0.100000 -0.300000 5.738823033140555e-01
0.000000 -0.300000 5.898234784061122e-01
0.100000 -0.300000 5.738823033140544e-01
0.200000 -0.300000 5.308411305654995e-01
0.300000 -0.300000 4.718587827248878e-01
0.400000 -0.300000 4.083393312042293e-01
0.500000 -0.300000 3.480925446331130e-01
0.600000 -0.300000 2.949117392030538e-01
0.700000 -0.300000 2.498075908543513e-01
0.800000 -0.300000 2.123364522261985e-01
0.900000 -0.300000 1.814841472018790e-01
1.000000 -0.300000 1.561297442839693e-01
1.100000 -0.300000 1.352461479147759e-01
1.200000 -0.300000 1.179646956812212e-01
1.300000 -0.300000 1.035787571835113e-01
1.400000 -0.300000 9.152433285611984e-02
1.500000 -0.300000 8.135496253877317e-02
1.600000 -0.300000 7.271796309116368e-02
1.700000 -0.300000 6.533429299267629e-02
1.800000 -0.300000 5.898234784061053e-02
1.900000 -0.300000 5.348525244992390e-02
2.000000 -0.300000 4.870102115279770e-02
2.100000 -0.300000 4.451497950234756e-02
2.200000 -0.300000 4.083393312042267e-02
2.300000 -0.300000 3.758167296038901e-02
2.400000 -0.300000 3.469549872977090e-02
2.500000 -0.300000 3.212351773467442e-02
2.600000 -0.300000 2.982253542502779e-02
2.700000 -0.300000 2.775639898381671e-02
2.800000 -0.300000 2.589468929587778e-02
2.900000 -0.300000 2.421168212385380e-02
-2.900000 -0.200000 2.477671554564741e-02
-2.800000 -0.200000 2.654205652827479e-02
-2.700000 -0.200000 2.850153721157023e-02
-2.600000 -0.200000 3.068445841419050e-02
-2.500000 -0.200000 3.312581157975012e-02
-2.400000 -0.200000 3.586764395712810e-02
-2.300000 -0.200000 3.896081692223824e-02
-2.200000 -0.200000 4.246729044523968e-02
-2.100000 -0.200000 4.646311864905874e-02
-2.000000 -0.200000 5.104241640052849e-02
-1.900000 -0.200000 5.632266637299697e-02
-1.800000 -0.200000 6.245189771358782e-02
-1.700000 -0.200000 6.961850892662250e-02
-1.600000 -0.200000 7.806487214198481e-02
-1.500000 -0.200000 8.810641171211567e-02
-1.400000 -0.200000 1.001587038802825e-01
-1.300000 -0.200000 1.147764606628102e-01
-1.200000 -0.200000 1.327102826413744e-01
-1.100000 -0.200000 1.549901111140140e-01
-1.000000 -0.200000 1.830486657122407e-01
-0.900000 -0.200000 2.189035589960818e-01
-0.800000 -0.200000 2.654205652827494e-01
-0.700000 -0.200000 3.266714649633842e-01
-0.600000 -0.200000 4.083393312042307e-01
-0.500000 -0.200000 5.178937859175616e-01
-0.400000 -0.200000 6.635514132068772e-01
-0.300000 -0.200000 8.493458089048044e-01
-0.200000 -0.200000 1.061682261131007e+00
-0.100000 -0.200000 1.249037954271775e+00
0.000000 -0.200000 1.327102826413759e+00
0.100000 -0.200000 1.249037954271770e+00
0.200000 -0.200000 1.061682261131001e+00
0.300000 -0.200000 8.493458089047982e-01
0.400000 -0.200000 6.635514132068719e-01
0.500000 -0.200000 5.178937859175577e-01
0.600000 -0.200000 4.083393312042278e-01
0.700000 -0.200000 3.266714649633820e-01
0.800000 -0.200000 2.654205652827478e-01
0.900000 -0.200000 2.189035589960806e-01
1.000000 -0.200000 1.830486657122397e-01
1.100000 -0.200000 1.549901111140131e-01
1.200000 -0.200000 1.327102826413737e-01
1.300000 -0.200000 1.147764606628097e-01
1.400000 -0.200000 1.001587038802821e-01
1.500000 -0.200000 8.810641171211529e-02
1.600000 -0.200000 7.806487214198451e-02
1.700000 -0.200000 6.961850892662225e-02
1.800000 -0.200000 6.245189771358759e-02
1.900000 -0.200000 5.632266637299676e-02
2.000000 -0.200000 5.104241640052833e-02
2.100000 -0.200000 4.646311864905860e-02
2.200000 -0.200000 4.246729044523956e-02
2.300000 -0.200000 3.896081692223814e-02
2.400000 -0.200000 3.586764395712801e-02
2.500000 -0.200000 3.312581157975005e-02
2.600000 -0.200000 3.068445841419044e-02
2.700000 -0.200000 2.850153721157017e-02
2.800000 -0.200000 2.654205652827472e-02
2.900000 -0.200000 2.477671554564736e-02
-2.900000 -0.100000 2.512857422795245e-02
-2.800000 -0.100000 2.694625028251246e-02
-2.700000 -0.100000 2.896813809361504e-02
-2.600000 -0.100000 3.122594885679386e-02
-2.500000 -0.100000 3.375778254788526e-02
-2.400000 -0.100000 3.660973314244798e-02
-2.300000 -0.100000 3.983798353211976e-02
-2.200000 -0.100000 4.351156807913901e-02
-2.100000 -0.100000 4.771605668004458e-02
-2.000000 -0.100000 5.255852777876198e-02
-1.900000 -0.100000 5.817437047293109e-02
-1.800000 -0.100000 6.473672323969466e-02
-1.700000 -0.100000 7.246977891679131e-02
-1.600000 -0.100000 8.166786624084563e-02
-1.500000 -0.100000 9.272334158349288e-02
-1.400000 -0.100000 1.061682261130994e-01
-1.300000 -0.100000 1.227378336567623e-01
-1.200000 -0.100000 1.434705758285128e-01
-1.100000 -0.100000 1.698691617809593e-01
-1.000000 -0.100000 2.041696656021146e-01
-0.900000 -0.100000 2.498075908543520e-01
-0.800000 -0.100000 3.122594885679402e-01
-0.700000 -0.100000 4.006348155211313e-01
-0.600000 -0.100000 5.308411305654996e-01
-0.500000 -0.100000 7.321946628489663e-01
-0.400000 -0.100000 1.061682261131004e+00
-0.300000 -0.100000 1.633357324816936e+00
-0.200000 -0.100000 2.654205652827539e+00
-0.100000 -0.100000 4.246729044524095e+00
0.000000 -0.100000 5.308411305655119e+00
0.100000 -0.100000 4.246729044524042e+00
0.200000 -0.100000 2.654205652827498e+00
0.300000 -0.100000 1.633357324816913e+00
0.400000 -0.100000 1.061682261130991e+00
0.500000 -0.100000 7.321946628489584e-01
0.600000 -0.100000 5.308411305654946e-01
0.700000 -0.100000 4.006348155211278e-01
0.800000 -0.100000 3.122594885679381e-01
0.900000 -0.100000 2.498075908543504e-01
1.000000 -0.100000 2.041696656021133e-01
1.100000 -0.100000 1.698691617809582e-01
1.200000 -0.100000 1.434705758285120e-01
1.300000 -0.100000 1.227378336567617e-01
1.400000 -0.100000 1.061682261130989e-01
1.500000 -0.100000 9.272334158349248e-02
1.600000 -0.100000 8.166786624084528e-02
1.700000 -0.100000 7.246977891679106e-02
1.800000 -0.100000 6.473672323969444e-02
1.900000 -0.100000 5.817437047293090e-02
2.000000 -0.100000 5.255852777876182e-02
2.100000 -0.100000 4.771605668004444e-02
2.200000 -0.100000 4.351156807913888e-02
2.300000 -0.100000 3.983798353211965e-02
2.400000 -0.100000 3.660973314244789e-02
2.500000 -0.100000 3.375778254788517e-02
2.600000 -0.100000 3.122594885679379e-02
2.700000 -0.100000 2.896813809361497e-02
2.800000 -0.100000 2.694625028251240e-02
2.900000 -0.100000 2.512857422795239e-02
-3.000000 0.000000 2.359293913624424e-02
-2.900000 0.000000 2.524809182237791e-02
-2.800000 0.000000 2.708373115130079e-02
-2.700000 0.000000 2.912708535338796e-02
-2.600000 0.000000 3.141071778494057e-02
-2.500000 0.000000 3.397383235619172e-02
-2.400000 0.000000 3.686396740038164e-02
-2.300000 0.000000 4.013921592177662e-02
-2.200000 0.000000 4.387116781533024e-02
-2.100000 0.000000 4.814885538009032e-02
-2.000000 0.000000 5.308411305654959e-02
-1.900000 0.000000 5.881896183551203e-02
-1.800000 0.000000 6.553594204512297e-02
-1.700000 0.000000 7.347282083951505e-02
-1.600000 0.000000 8.294392665085880e-02
-1.500000 0.000000 9.437175654497713e-02
-1.400000 0.000000 1.083349246052034e-01
-1.300000 0.000000 1.256428711397625e-01
-1.200000 0.000000 1.474558696015269e-01
-1.100000 0.000000 1.754846712613213e-01
-1.000000 0.000000 2.123364522261989e-01
-0.900000 0.000000 2.621437681804925e-01
-0.800000 0.000000 3.317757066034360e-01
-0.700000 0.000000 4.333396984208146e-01
-0.600000 0.000000 5.898234784061092e-01
-0.500000 0.000000 8.493458089047979e-01
-0.400000 0.000000 1.327102826413749e+00
-0.300000 0.000000 2.359293913624448e+00
-0.200000 0.000000 5.308411305655035e+00
0.200000 0.000000 5.308411305654873e+00
0.300000 0.000000 2.359293913624400e+00
0.400000 0.000000 1.327102826413728e+00
0.500000 0.000000 8.493458089047874e-01
0.600000 0.000000 5.898234784061031e-01
0.700000 0.000000 4.333396984208107e-01
0.800000 0.000000 3.317757066034334e-01
0.900000 0.000000 2.621437681804907e-01
1.000000 0.000000 2.123364522261975e-01
1.100000 0.000000 1.754846712613203e-01
1.200000 0.000000 1.474558696015261e-01
1.300000 0.000000 1.256428711397619e-01
1.400000 0.000000 1.083349246052029e-01
1.500000 0.000000 9.437175654497672e-02
1.600000 0.000000 8.294392665085845e-02
1.700000 0.000000 7.347282083951476e-02
1.800000 0.000000 6.553594204512272e-02
1.900000 0.000000 5.881896183551181e-02
2.000000 0.000000 5.308411305654943e-02
2.100000 0.000000 4.814885538009019e-02
2.200000 0.000000 4.387116781533011e-02
2.300000 0.000000 4.013921592177650e-02
2.400000 0.000000 3.686396740038155e-02
2.500000 0.000000 3.397383235619163e-02
2.600000 0.000000 3.141071778494049e-02
2.700000 0.000000 2.912708535338789e-02
2.800000 0.000000 2.708373115130073e-02
2.900000 0.000000 2.524809182237785e-02
-2.900000 0.100000 2.512857422795244e-02
-2.800000 0.100000 2.694625028251246e-02
-2.700000 0.100000 2.896813809361503e-02
-2.600000 0.100000 3.122594885679385e-02
-2.500000 0.100000 3.375778254788524e-02
-2.400000 0.100000 3.660973314244797e-02
-2.300000 0.100000 3.983798353211974e-02
-2.200000 0.100000 4.351156807913899e-02
-2.100000 0.100000 4.771605668004456e-02
-2.000000 0.100000 5.255852777876196e-02
-1.900000 0.100000 5.817437047293104e-02
-1.800000 0.100000 6.473672323969462e-02
-1.700000 0.100000 7.246977891679125e-02
-1.600000 0.100000 8.166786624084553e-02
-1.500000 0.100000 9.272334158349277e-02
-1.400000 0.100000 1.061682261130992e-01
-1.300000 0.100000 1.227378336567621e-01
-1.200000 0.100000 1.434705758285125e-01
-1.100000 0.100000 1.698691617809589e-01
-1.000000 0.100000 2.041696656021141e-01
-0.900000 0.100000 2.498075908543513e-01
-0.800000 0.100000 3.122594885679391e-01
-0.700000 0.100000 4.006348155211295e-01
-0.600000 0.100000 5.308411305654964e-01
-0.500000 0.100000 7.321946628489603e-01
-0.400000 0.100000 1.061682261130991e+00
-0.300000 0.100000 1.633357324816905e+00
-0.200000 0.100000 2.654205652827458e+00
-0.100000 0.100000 4.246729044523886e+00
0.000000 0.100000 5.308411305654794e+00
0.100000 0.100000 4.246729044523835e+00
0.200000 0.100000 2.654205652827417e+00
0.300000 0.100000 1.633357324816883e+00
0.400000 0.100000 1.061682261130978e+00
0.500000 0.100000 7.321946628489524e-01
0.600000 0.100000 5.308411305654914e-01
0.700000 0.100000 4.006348155211260e-01
0.800000 0.100000 3.122594885679368e-01
0.900000 0.100000 2.498075908543496e-01
1.000000 0.100000 2.041696656021128e-01
1.100000 0.100000 1.698691617809579e-01
1.200000 0.100000 1.434705758285118e-01
1.300000 0.100000 1.227378336567615e-01
1.400000 0.100000 1.061682261130987e-01
1.500000 0.100000 9.272334158349237e-02
1.600000 0.100000 8.166786624084520e-02
1.700000 0.100000 7.246977891679096e-02
1.800000 0.100000 6.473672323969437e-02
1.900000 0.100000 5.817437047293084e-02
2.000000 0.100000 5.255852777876180e-02
2.100000 0.100000 4.771605668004442e-02
2.200000 0.100000 4.351156807913887e-02
2.300000 0.100000 3.983798353211963e-02
2.400000 0.100000 3.660973314244788e-02
2.500000 0.100000 3.375778254788516e-02
2.600000 0.100000 3.122594885679379e-02
2.700000 0.100000 2.896813809361497e-02
2.800000 0.100000 2.694625028251240e-02
2.900000 0.100000 2.512857422795239e-02
-2.900000 0.200000 2.477671554564739e-02
-2.800000 0.200000 2.654205652827477e-02
-2.700000 0.200000 2.850153721157022e-02
-2.600000 0.200000 3.068445841419049e-02
-2.500000 0.200000 3.312581157975010e-02
-2.400000 0.200000 3.586764395712808e-02
-2.300000 0.200000 3.896081692223820e-02
-2.200000 0.200000 4.246729044523963e-02
-2.100000 0.200000 4.646311864905869e-02
-2.000000 0.200000 5.104241640052842e-02
-1.900000 0.200000 5.632266637299688e-02
-1.800000 0.200000 6.245189771358772e-02
-1.700000 0.200000 6.961850892662239e-02
-1.600000 0.200000 7.806487214198465e-02
-1.500000 0.200000 8.810641171211549e-02
-1.400000 0.200000 1.001587038802823e-01
-1.300000 0.200000 1.147764606628099e-01
-1.200000 0.200000 1.327102826413740e-01
-1.100000 0.200000 1.549901111140135e-01
-1.000000 0.200000 1.830486657122400e-01
-0.900000 0.200000 2.189035589960807e-01
-0.800000 0.200000 2.654205652827478e-01
-0.700000 0.200000 3.266714649633818e-01
-0.600000 0.200000 4.083393312042269e-01
-0.500000 0.200000 5.178937859175556e-01
-0.400000 0.200000 6.635514132068669e-01
-0.300000 0.200000 8.493458089047877e-01
-0.200000 0.200000 1.061682261130982e+00
-0.100000 0.200000 1.249037954271739e+00
0.000000 0.200000 1.327102826413719e+00
0.100000 0.200000 1.249037954271734e+00
0.200000 0.200000 1.061682261130975e+00
0.300000 0.200000 8.493458089047818e-01
0.400000 0.200000 6.635514132068617e-01
0.500000 0.200000 5.178937859175516e-01
0.600000 0.200000 4.083393312042239e-01
0.700000 0.200000 3.266714649633796e-01
0.800000 0.200000 2.654205652827462e-01
0.900000 0.200000 2.189035589960794e-01
1.000000 0.200000 1.830486657122389e-01
1.100000 0.200000 1.549901111140126e-01
1.200000 0.200000 1.327102826413733e-01
1.300000 0.200000 1.147764606628094e-01
1.400000 0.200000 1.001587038802818e-01
1.500000 0.200000 8.810641171211511e-02
1.600000 0.200000 7.806487214198436e-02
1.700000 0.200000 6.961850892662214e-02
1.800000 0.200000 6.245189771358751e-02
1.900000 0.200000 5.632266637299670e-02
2.000000 0.200000 5.104241640052826e-02
2.100000 0.200000 4.646311864905856e-02
2.200000 0.200000 4.246729044523953e-02
2.300000 0.200000 3.896081692223811e-02
2.400000 0.200000 3.586764395712799e-02
2.500000 0.200000 3.312581157975002e-02
2.600000 0.200000 3.068445841419042e-02
2.700000 0.200000 2.850153721157015e-02
2.800000 0.200000 2.654205652827471e-02
2.900000 0.200000 2.477671554564734e-02
-2.900000 0.300000 2.421168212385383e-02
-2.800000 0.300000 2.589468929587782e-02
-2.700000 0.300000 2.775639898381675e-02
-2.600000 0.300000 2.982253542502783e-02
-2.500000 0.300000 3.212351773467445e-02
-2.400000 0.300000 3.469549872977094e-02
-2.300000 0.300000 3.758167296038905e-02
-2.200000 0.300000 4.083393312042272e-02
-2.100000 0.300000 4.451497950234762e-02
-2.000000 0.300000 4.870102115279774e-02
-1.900000 0.300000 5.348525244992399e-02
-1.800000 0.300000 5.898234784061060e-02
-1.700000 0.300000 6.533429299267636e-02
-1.600000 0.300000 7.271796309116378e-02
-1.500000 0.300000 8.135496253877327e-02
-1.400000 0.300000 9.152433285611992e-02
-1.300000 0.300000 1.035787571835113e-01
-1.200000 0.300000 1.179646956812212e-01
-1.100000 0.300000 1.352461479147759e-01
-1.000000 0.300000 1.561297442839692e-01
-0.900000 0.300000 1.814841472018787e-01
-0.800000 0.300000 2.123364522261980e-01
-0.700000 0.300000 2.498075908543504e-01
-0.600000 0.300000 2.949117392030523e-01
-0.500000 0.300000 3.480925446331106e-01
-0.400000 0.300000 4.083393312042254e-01
-0.300000 0.300000 4.718587827248820e-01
-0.200000 0.300000 5.308411305654914e-01
-0.100000 0.300000 5.738823033140440e-01
0.000000 0.300000 5.898234784061002e-01
0.100000 0.300000 5.738823033140432e-01
0.200000 0.300000 5.308411305654898e-01
0.300000 0.300000 4.718587827248801e-01
0.400000 0.300000 4.083393312042234e-01
0.500000 0.300000 3.480925446331088e-01
0.600000 0.300000 2.949117392030508e-01
0.700000 0.300000 2.498075908543491e-01
0.800000 0.300000 2.123364522261969e-01
0.900000 0.300000 1.814841472018779e-01
1.000000 0.300000 1.561297442839684e-01
1.100000 0.300000 1.352461479147753e-01
1.200000 0.300000 1.179646956812207e-01
1.300000 0.300000 1.035787571835109e-01
1.400000 0.300000 9.152433285611956e-02
1.500000 0.300000 8.135496253877295e-02
1.600000 0.300000 7.271796309116352e-02
1.700000 0.300000 6.533429299267614e-02
1.800000 0.300000 5.898234784061042e-02
1.900000 0.300000 5.348525244992382e-02
2.000000 0.300000 4.870102115279760e-02
2.100000 0.300000 4.451497950234749e-02
2.200000 0.300000 4.083393312042261e-02
2.300000 0.300000 3.758167296038896e-02
2.400000 0.300000 3.469549872977085e-02
2.500000 0.300000 3.212351773467437e-02
2.600000 0.300000 2.982253542502776e-02
2.700000 0.300000 2.775639898381669e-02
2.800000 0.300000 2.589468929587777e-02
2.900000 0.300000 2.421168212385378e-02
-2.800000 0.400000 2.503967597007052e-02
-2.700000 0.400000 2.677634958716243e-02
-2.600000 0.400000 2.869411516570244e-02
-2.500000 0.400000 3.081806273239450e-02
-2.400000 0.400000 3.317757066034346e-02
-2.300000 0.400000 3.580715889143307e-02
-2.200000 0.400000 3.874752777850331e-02
-2.100000 0.400000 4.204682222300953e-02
-2.000000 0.400000 4.576216642805993e-02
-1.900000 0.400000 4.996151817087016e-02
-1.800000 0.400000 5.472588974902013e-02
-1.700000 0.400000 6.015196946917794e-02
-1.600000 0.400000 6.635514132068691e-02
-1.500000 0.400000 7.347282083951492e-02
-1.400000 0.400000 8.166786624084545e-02
-1.300000 0.400000 9.113152456060003e-02
-1.200000 0.400000 1.020848328010568e-01
-1.100000 0.400000 1.147764606628098e-01
-1.000000 0.400000 1.294734464793890e-01
-0.900000 0.400000 1.464389325697917e-01
-0.800000 0.400000 1.658878533017171e-01
-0.700000 0.400000 1.879083648019449e-01
-0.600000 0.400000 2.123364522261976e-01
-0.500000 0.400000 2.385802834002218e-01
-0.400000 0.400000 2.654205652827465e-01
-0.300000 0.400000 2.908718523646535e-01
-0.200000 0.400000 3.122594885679367e-01
-0.100000 0.400000 3.266714649633796e-01
0.000000 0.400000 3.317757066034322e-01
0.100000 0.400000 3.266714649633792e-01
0.200000 0.400000 3.122594885679360e-01
0.300000 0.400000 2.908718523646527e-01
0.400000 0.400000 2.654205652827457e-01
0.500000 0.400000 2.385802834002210e-01
0.600000 0.400000 2.123364522261968e-01
0.700000 0.400000 1.879083648019441e-01
0.800000 0.400000 1.658878533017164e-01
0.900000 0.400000 1.464389325697911e-01
1.000000 0.400000 1.294734464793885e-01
1.100000 0.400000 1.147764606628093e-01
1.200000 0.400000 1.020848328010564e-01
1.300000 0.400000 9.113152456059971e-02
1.400000 0.400000 8.166786624084516e-02
1.500000 0.400000 7.347282083951467e-02
1.600000 0.400000 6.635514132068671e-02
1.700000 0.400000 6.015196946917774e-02
1.800000 0.400000 5.472588974901997e-02
1.900000 0.400000 4.996151817087001e-02
2.000000 0.400000 4.576216642805980e-02
2.100000 0.400000 4.204682222300943e-02
2.200000 0.400000 3.874752777850320e-02
2.300000 0.400000 3.580715889143299e-02
2.400000 0.400000 3.317757066034337e-02
2.500000 0.400000 3.081806273239443e-02
2.600000 0.400000 2.869411516570239e-02
2.700000 0.400000 2.677634958716237e-02
2.800000 0.400000 2.503967597007048e-02
-2.800000 0.500000 2.401996065907218e-02
-2.700000 0.500000 2.561356480412522e-02
-2.600000 0.500000 2.736294487451006e-02
-2.500000 0.500000 2.928778651395835e-02
-2.400000 0.500000 3.141071778494055e-02
-2.300000 0.500000 3.375778254788523e-02
-2.200000 0.500000 3.635898154558186e-02
-2.100000 0.500000 3.924888211205140e-02
-2.000000 0.500000 4.246729044523961e-02
-1.900000 0.500000 4.605996794494534e-02
-1.800000 0.500000 5.007935194014106e-02
-1.700000 0.500000 5.458520622781441e-02
-1.600000 0.500000 5.964507085005564e-02
-1.500000 0.500000 6.533429299267632e-02
-1.400000 0.500000 7.173528791425610e-02
-1.300000 0.500000 7.893548409895837e-02
-1.200000 0.500000 8.702313615827788e-02
-1.100000 0.500000 9.607984263628870e-02
-1.000000 0.500000 1.061682261130989e-01
-0.900000 0.500000 1.173129570310485e-01
-0.800000 0.500000 1.294734464793889e-01
-0.700000 0.500000 1.425076860578507e-01
-0.600000 0.500000 1.561297442839688e-01
-0.500000 0.500000 1.698691617809580e-01
-0.400000 0.500000 1.830486657122391e-01
-0.300000 0.500000 1.948040846111901e-01
-0.200000 0.500000 2.041696656021126e-01
-0.100000 0.500000 2.102341111150465e-01
0.000000 0.500000 2.123364522261969e-01
0.100000 0.500000 2.102341111150464e-01
0.200000 0.500000 2.041696656021124e-01
0.300000 0.500000 1.948040846111898e-01
0.400000 0.500000 1.830486657122387e-01
0.500000 0.500000 1.698691617809575e-01
0.600000 0.500000 1.561297442839684e-01
0.700000 0.500000 1.425076860578504e-01
0.800000 0.500000 1.294734464793885e-01
0.900000 0.500000 1.173129570310482e-01
1.000000 0.500000 1.061682261130986e-01
1.100000 0.500000 9.607984263628835e-02
1.200000 0.500000 8.702313615827759e-02
1.300000 0.500000 7.893548409895812e-02
1.400000 0.500000 7.173528791425586e-02
1.500000 0.500000 6.533429299267612e-02
1.600000 0.500000 5.964507085005546e-02
1.700000 0.500000 5.458520622781426e-02
1.800000 0.500000 5.007935194014090e-02
1.900000 0.500000 4.605996794494523e-02
2.000000 0.500000 4.246729044523952e-02
2.100000 0.500000 3.924888211205130e-02
2.200000 0.500000 3.635898154558178e-02
2.300000 0.500000 3.375778254788515e-02
2.400000 0.500000 3.141071778494049e-02
2.500000 0.500000 2.928778651395830e-02
2.600000 0.500000 2.736294487451001e-02
2.700000 0.500000 2.561356480412516e-02
2.800000 0.500000 2.401996065907213e-02
-2.700000 0.600000 2.432261766623116e-02
-2.600000 0.600000 2.589468929587781e-02
-2.500000 0.600000 2.761202239612458e-02
-2.400000 0.600000 2.949117392030529e-02
-2.300000 0.600000 3.155073584341724e-02
-2.200000 0.600000 3.381153697869396e-02
-2.100000 0.600000 3.629682944037573e-02
-2.000000 0.600000 3.903243607099229e-02
-1.900000 0.600000 4.204682222300950e-02
-1.800000 0.600000 4.537103680046967e-02
-1.700000 0.600000 4.903844162267852e-02
-1.600000 0.600000 5.308411305654952e-02
-1.500000 0.600000 5.754375399083957e-02
-1.400000 0.600000 6.245189771358763e-02
-1.300000 0.600000 6.783912211699615e-02
-1.200000 0.600000 7.372793480076317e-02
-1.100000 0.600000 8.012696310422562e-02
-1.000000 0.600000 8.702313615827782e-02
-0.900000 0.600000 9.437175654497680e-02
-0.800000 0.600000 1.020848328010566e-01
-0.700000 0.600000 1.100188871638330e-01
-0.600000 0.600000 1.179646956812209e-01
-0.500000 0.600000 1.256428711397618e-01
-0.400000 0.600000 1.327102826413734e-01
-0.300000 0.600000 1.387819949190832e-01
-0.200000 0.600000 1.434705758285117e-01
-0.100000 0.600000 1.464389325697912e-01
0.000000 0.600000 1.474558696015258e-01
0.100000 0.600000 1.464389325697911e-01
0.200000 0.600000 1.434705758285116e-01
0.300000 0.600000 1.387819949190831e-01
0.400000 0.600000 1.327102826413732e-01
0.500000 0.600000 1.256428711397616e-01
0.600000 0.600000 1.179646956812206e-01
0.700000 0.600000 1.100188871638327e-01
0.800000 0.600000 1.020848328010564e-01
0.900000 0.600000 9.437175654497658e-02
1.000000 0.600000 8.702313615827759e-02
1.100000 0.600000 8.012696310422542e-02
1.200000 0.600000 7.372793480076298e-02
1.300000 0.600000 6.783912211699597e-02
1.400000 0.600000 6.245189771358748e-02
1.500000 0.600000 5.754375399083941e-02
1.600000 0.600000 5.308411305654937e-02
1.700000 0.600000 4.903844162267840e-02
1.800000 0.600000 4.537103680046956e-02
1.900000 0.600000 4.204682222300941e-02
2.000000 0.600000 3.903243607099220e-02
2.100000 0.600000 3.629682944037566e-02
2.200000 0.600000 3.381153697869389e-02
2.300000 0.600000 3.155073584341718e-02
2.400000 0.600000 2.949117392030522e-02
2.500000 0.600000 2.761202239612453e-02
2.600000 0.600000 2.589468929587777e-02
2.700000 0.600000 2.432261766623112e-02
-2.600000 0.700000 2.435051057639885e-02
-2.500000 0.700000 2.586314887042606e-02
-2.400000 0.700000 2.750472179095829e-02
-2.300000 0.700000 2.928778651395834e-02
-2.200000 0.700000 3.122594885679383e-02
-2.100000 0.700000 3.333382295544710e-02
-2.000000 0.700000 3.562692151446275e-02
-1.900000 0.700000 3.812144564204633e-02
-1.800000 0.700000 4.083393312042269e-02
-1.700000 0.700000 4.378071179921608e-02
-1.600000 0.700000 4.697709120048627e-02
-1.500000 0.700000 5.043621193021329e-02
-1.400000 0.700000 5.416746230260151e-02
-1.300000 0.700000 5.817437047293094e-02
-1.200000 0.700000 6.245189771358761e-02
-1.100000 0.700000 6.698310795779115e-02
-1.000000 0.700000 7.173528791425603e-02
-0.900000 0.700000 7.665575892642520e-02
-0.800000 0.700000 8.166786624084529e-02
-0.700000 0.700000 8.666793968416232e-02
-0.600000 0.700000 9.152433285611968e-02
-0.500000 0.700000 9.607984263628851e-02
-0.400000 0.700000 1.001587038802819e-01
-0.300000 0.700000 1.035787571835110e-01
-0.200000 0.700000 1.061682261130987e-01
-0.100000 0.700000 1.077850011300494e-01
0.000000 0.700000 1.083349246052027e-01
0.100000 0.700000 1.077850011300494e-01
0.200000 0.700000 1.061682261130986e-01
0.300000 0.700000 1.035787571835109e-01
0.400000 0.700000 1.001587038802817e-01
0.500000 0.700000 9.607984263628835e-02
0.600000 0.700000 9.152433285611952e-02
0.700000 0.700000 8.666793968416218e-02
0.800000 0.700000 8.166786624084513e-02
0.900000 0.700000 7.665575892642504e-02
1.000000 0.700000 7.173528791425589e-02
1.100000 0.700000 6.698310795779099e-02
1.200000 0.700000 6.245189771358748e-02
1.300000 0.700000 5.817437047293080e-02
1.400000 0.700000 5.416746230260138e-02
1.500000 0.700000 5.043621193021318e-02
1.600000 0.700000 4.697709120048617e-02
1.700000 0.700000 4.378071179921599e-02
1.800000 0.700000 4.083393312042259e-02
1.900000 0.700000 3.812144564204624e-02
2.000000 0.700000 3.562692151446268e-02
2.100000 0.700000 3.333382295544703e-02
2.200000 0.700000 3.122594885679376e-02
2.300000 0.700000 2.928778651395830e-02
2.400000 0.700000 2.750472179095824e-02
2.500000 0.700000 2.586314887042602e-02
2.600000 0.700000 2.435051057639881e-02
-2.500000 0.800000 2.410175394167969e-02
-2.400000 0.800000 2.552120820026418e-02
-2.300000 0.800000 2.704922958295517e-02
-2.200000 0.800000 2.869411516570243e-02
-2.100000 0.800000 3.046434034809154e-02
-2.000000 0.800000 3.236836161984726e-02
-1.900000 0.800000 3.441433585513744e-02
-1.800000 0.800000 3.660973314244793e-02
-1.700000 0.800000 3.896081692223816e-02
-1.600000 0.800000 4.147196332542930e-02
-1.500000 0.800000 4.414479256261912e-02
-1.400000 0.800000 4.697709120048627e-02
-1.300000 0.800000 4.996151817087012e-02
-1.200000 0.800000 5.308411305654950e-02
-1.100000 0.800000 5.632266637299680e-02
-1.000000 0.800000 5.964507085005558e-02
-0.900000 0.800000 6.300784932528126e-02
-0.800000 0.800000 6.635514132068682e-02
-0.700000 0.800000 6.961850892662221e-02
-0.600000 0.800000 7.271796309116361e-02
-0.500000 0.800000 7.556457374597783e-02
-0.400000 0.800000 7.806487214198443e-02
-0.300000 0.800000 8.012696310422551e-02
-0.200000 0.800000 8.166786624084522e-02
-0.100000 0.800000 8.262118763665274e-02
0.000000 0.800000 8.294392665085841e-02
0.100000 0.800000 8.262118763665273e-02
0.200000 0.800000 8.166786624084520e-02
0.300000 0.800000 8.012696310422547e-02
0.400000 0.800000 7.806487214198435e-02
0.500000 0.800000 7.556457374597775e-02
0.600000 0.800000 7.271796309116352e-02
0.700000 0.800000 6.961850892662212e-02
0.800000 0.800000 6.635514132068671e-02
0.900000 0.800000 6.300784932528115e-02
1.000000 0.800000 5.964507085005546e-02
1.100000 0.800000 5.632266637299670e-02
1.200000 0.800000 5.308411305654937e-02
1.300000 0.800000 4.996151817087001e-02
1.400000 0.800000 4.697709120048617e-02
1.500000 0.800000 4.414479256261903e-02
1.600000 0.800000 4.147196332542920e-02
1.700000 0.800000 3.896081692223809e-02
1.800000 0.800000 3.660973314244786e-02
1.900000 0.800000 3.441433585513738e-02
2.000000 0.800000 3.236836161984720e-02
2.100000 0.800000 3.046434034809148e-02
2.200000 0.800000 2.869411516570239e-02
2.300000 0.800000 2.704922958295512e-02
2.400000 0.800000 2.552120820026414e-02
2.500000 0.800000 2.410175394167964e-02
-2.300000 0.900000 2.489290178501735e-02
-2.200000 0.900000 2.627926388938095e-02
-2.100000 0.900000 2.775639898381673e-02
-2.000000 0.900000 2.932823925776216e-02
-1.900000 0.900000 3.099802222280262e-02
-1.800000 0.900000 3.276797102256142e-02
-1.700000 0.900000 3.463889922123948e-02
-1.600000 0.900000 3.660973314244793e-02
-1.500000 0.900000 3.867694940367904e-02
-1.400000 0.900000 4.083393312042269e-02
-1.300000 0.900000 4.307027428523285e-02
-1.200000 0.900000 4.537103680046965e-02
-1.100000 0.900000 4.771605668004448e-02
-1.000000 0.900000 5.007935194014103e-02
-0.900000 0.900000 5.242875363609822e-02
-0.800000 0.900000 5.472588974902005e-02
-0.700000 0.900000 5.692666279522729e-02
-0.600000 0.900000 5.898234784061050e-02
-0.500000 0.900000 6.084139032269276e-02
-0.400000 0.900000 6.245189771358756e-02
-0.300000 0.900000 6.376470036822753e-02
-0.200000 0.900000 6.473672323969440e-02
-0.100000 0.900000 6.533429299267619e-02
0.000000 0.900000 6.553594204512271e-02
0.100000 0.900000 6.533429299267618e-02
0.200000 0.900000 6.473672323969437e-02
0.300000 0.900000 6.376470036822750e-02
0.400000 0.900000 6.245189771358751e-02
0.500000 0.900000 6.084139032269270e-02
0.600000 0.900000 5.898234784061043e-02
0.700000 0.900000 5.692666279522722e-02
0.800000 0.900000 5.472588974901999e-02
0.900000 0.900000 5.242875363609815e-02
1.000000 0.900000 5.007935194014093e-02
1.100000 0.900000 4.771605668004440e-02
1.200000 0.900000 4.537103680046958e-02
1.300000 0.900000 4.307027428523278e-02
1.400000 0.900000 4.083393312042261e-02
1.500000 0.900000 3.867694940367898e-02
1.600000 0.900000 3.660973314244786e-02
1.700000 0.900000 3.463889922123942e-02
1.800000 0.900000 3.276797102256136e-02
1.900000 0.900000 3.099802222280258e-02
2.000000 0.900000 2.932823925776211e-02
2.100000 0.900000 2.775639898381669e-02
2.200000 0.900000 2.627926388938090e-02
2.300000 0.900000 2.489290178501731e-02
-2.200000 1.000000 2.401996065907218e-02
-2.100000 1.000000 2.524809182237788e-02
-2.000000 1.000000 2.654205652827475e-02
-1.900000 1.000000 2.790229332801551e-02
-1.800000 1.000000 2.932823925776215e-02
-1.700000 1.000000 3.081806273239449e-02
-1.600000 1.000000 3.236836161984725e-02
-1.500000 1.000000 3.397383235619168e-02
-1.400000 1.000000 3.562692151446274e-02
-1.300000 1.000000 3.731747842288188e-02
-1.200000 1.000000 3.903243607099226e-02
-1.100000 1.000000 4.075555704917425e-02
-1.000000 1.000000 4.246729044523958e-02
-0.900000 1.000000 4.414479256261910e-02
-0.800000 1.000000 4.576216642805989e-02
-0.700000 1.000000 4.729096931541154e-02
-0.600000 1.000000 4.870102115279766e-02
-0.500000 1.000000 4.996151817087005e-02
-0.400000 1.000000 5.104241640052828e-02
-0.300000 1.000000 5.191600298929040e-02
-0.200000 1.000000 5.255852777876180e-02
-0.100000 1.000000 5.295173372224379e-02
0.000000 1.000000 5.308411305654941e-02
0.100000 1.000000 5.295173372224379e-02
0.200000 1.000000 5.255852777876177e-02
0.300000 1.000000 5.191600298929037e-02
0.400000 1.000000 5.104241640052826e-02
0.500000 1.000000 4.996151817087001e-02
0.600000 1.000000 4.870102115279760e-02
0.700000 1.000000 4.729096931541148e-02
0.800000 1.000000 4.576216642805982e-02
0.900000 1.000000 4.414479256261905e-02
1.000000 1.000000 4.246729044523952e-02
1.100000 1.000000 4.075555704917420e-02
1.200000 1.000000 3.903243607099220e-02
1.300000 1.000000 3.731747842288183e-02
1.400000 1.000000 3.562692151446269e-02
1.500000 1.000000 3.397383235619161e-02
1.600000 1.000000 3.236836161984720e-02
1.700000 1.000000 3.081806273239443e-02
1.800000 1.000000 2.932823925776210e-02
1.900000 1.000000 2.790229332801546e-02
2.000000 1.000000 2.654205652827471e-02
2.100000 1.000000 2.524809182237783e-02
2.200000 1.000000 2.401996065907213e-02
-2.000000 1.100000 2.401996065907217e-02
-1.900000 1.100000 2.512857422795242e-02
-1.800000 1.100000 2.627926388938093e-02
-1.700000 1.100000 2.746914000338913e-02
-1.600000 1.100000 2.869411516570242e-02
-1.500000 1.100000 2.994872386829308e-02
-1.400000 1.100000 3.122594885679382e-02
-1.300000 1.100000 3.251706772223551e-02
-1.200000 1.100000 3.381153697869393e-02
-1.100000 1.100000 3.509693425226412e-02
-1.000000 1.100000 3.635898154558183e-02
-0.900000 1.100000 3.758167296038900e-02
-0.800000 1.100000 3.874752777850324e-02
-0.700000 1.100000 3.983798353211965e-02
-0.600000 1.100000 4.083393312042264e-02
-0.500000 1.100000 4.171639532931194e-02
-0.400000 1.100000 4.246729044523955e-02
-0.300000 1.100000 4.307027428523280e-02
-0.200000 1.100000 4.351156807913887e-02
-0.100000 1.100000 4.378071179921601e-02
0.000000 1.100000 4.387116781533009e-02
0.100000 1.100000 4.378071179921601e-02
0.200000 1.100000 4.351156807913885e-02
0.300000 1.100000 4.307027428523278e-02
0.400000 1.100000 4.246729044523953e-02
0.500000 1.100000 4.171639532931191e-02
0.600000 1.100000 4.083393312042261e-02
0.700000 1.100000 3.983798353211963e-02
0.800000 1.100000 3.874752777850322e-02
0.900000 1.100000 3.758167296038896e-02
1.000000 1.100000 3.635898154558178e-02
1.100000 1.100000 3.509693425226407e-02
1.200000 1.100000 3.381153697869389e-02
1.300000 1.100000 3.251706772223548e-02
1.400000 1.100000 3.122594885679376e-02
1.500000 1.100000 2.994872386829303e-02
1.600000 1.100000 2.869411516570239e-02
1.700000 1.100000 2.746914000338909e-02
1.800000 1.100000 2.627926388938090e-02
1.900000 1.100000 2.512857422795239e-02
2.000000 1.100000 2.401996065907213e-02
-1.700000 1.200000 2.454756673135237e-02
-1.600000 1.200000 2.552120820026417e-02
-1.500000 1.200000 2.650892037780248e-02
-1.400000 1.200000 2.750472179095827e-02
-1.300000 1.200000 2.850153721157018e-02
-1.200000 1.200000 2.949117392030527e-02
-1.100000 1.200000 3.046434034809152e-02
-1.000000 1.200000 3.141071778494050e-02
-0.900000 1.200000 3.231909470718383e-02
-0.800000 1.200000 3.317757066034339e-02
-0.700000 1.200000 3.397383235619163e-02
-0.600000 1.200000 3.469549872977086e-02
-0.500000 1.200000 3.533052449687149e-02
-0.400000 1.200000 3.586764395712799e-02
-0.300000 1.200000 3.629682944037567e-02
-0.200000 1.200000 3.660973314244788e-02
-0.100000 1.200000 3.680007837542420e-02
0.000000 1.200000 3.686396740038153e-02
0.100000 1.200000 3.680007837542420e-02
0.200000 1.200000 3.660973314244786e-02
0.300000 1.200000 3.629682944037566e-02
0.400000 1.200000 3.586764395712798e-02
0.500000 1.200000 3.533052449687148e-02
0.600000 1.200000 3.469549872977085e-02
0.700000 1.200000 3.397383235619161e-02
0.800000 1.200000 3.317757066034337e-02
0.900000 1.200000 3.231909470718381e-02
1.000000 1.200000 3.141071778494049e-02
1.100000 1.200000 3.046434034809148e-02
1.200000 1.200000 2.949117392030522e-02
1.300000 1.200000 2.850153721157015e-02
1.400000 1.200000 2.750472179095824e-02
1.500000 1.200000 2.650892037780245e-02
1.600000 1.200000 2.552120820026414e-02
1.700000 1.200000 2.454756673135232e-02
-1.400000 1.300000 2.435051057639884e-02
-1.300000 1.300000 2.512857422795240e-02
-1.200000 1.300000 2.589468929587778e-02
-1.100000 1.300000 2.664196389287301e-02
-1.000000 1.300000 2.736294487451002e-02
-0.900000 1.300000 2.804972948826919e-02
-0.800000 1.300000 2.869411516570241e-02
-0.700000 1.300000 2.928778651395832e-02
-0.600000 1.300000 2.982253542502777e-02
-0.500000 1.300000 3.029050673697543e-02
-0.400000 1.300000 3.068445841419042e-02
-0.300000 1.300000 3.099802222280259e-02
-0.200000 1.300000 3.122594885679377e-02
-0.100000 1.300000 3.136432086059050e-02
0.000000 1.300000 3.141071778494049e-02
0.100000 1.300000 3.136432086059050e-02
0.200000 1.300000 3.122594885679376e-02
0.300000 1.300000 3.099802222280258e-02
0.400000 1.300000 3.068445841419041e-02
0.500000 1.300000 3.029050673697541e-02
0.600000 1.300000 2.982253542502776e-02
0.700000 1.300000 2.928778651395830e-02
0.800000 1.300000 2.869411516570239e-02
0.900000 1.300000 2.804972948826918e-02
1.000000 1.300000 2.736294487451001e-02
1.100000 1.300000 2.664196389287299e-02
1.200000 1.300000 2.589468929587777e-02
1.300000 1.300000 2.512857422795239e-02
1.400000 1.300000 2.435051057639881e-02
-1.000000 1.400000 2.401996065907215e-02
-0.900000 1.400000 2.454756673135234e-02
-0.800000 1.400000 2.503967597007049e-02
-0.700000 1.400000 2.549057049534187e-02
-0.600000 1.400000 2.589468929587778e-02
-0.500000 1.400000 2.624678025045707e-02
-0.400000 1.400000 2.654205652827471e-02
-0.300000 1.400000 2.677634958716238e-02
-0.200000 1.400000 2.694625028251240e-02
-0.100000 1.400000 2.704922958295512e-02
0.000000 1.400000 2.708373115130073e-02
0.100000 1.400000 2.704922958295512e-02
0.200000 1.400000 2.694625028251239e-02
0.300000 1.400000 2.677634958716238e-02
0.400000 1.400000 2.654205652827471e-02
0.500000 1.400000 2.624678025045706e-02
0.600000 1.400000 2.589468929587777e-02
0.700000 1.400000 2.549057049534185e-02
0.800000 1.400000 2.503967597007048e-02
0.900000 1.400000 2.454756673135232e-02
1.000000 1.400000 2.401996065907213e-02
